0.000000	2.143386	-0.100000	-2.292052
0.100000	2.133386	-0.314339	-2.226264
0.200000	2.101952	-0.527677	-2.069880
0.300000	2.049185	-0.737872	-1.827351
0.400000	1.975397	-0.942791	-1.506670
0.500000	1.881118	-1.140331	-1.119126
0.600000	1.767085	-1.328442	-0.678915
0.700000	1.634241	-1.505151	-0.202632
0.800000	1.483726	-1.668575	0.291350
0.900000	1.316868	-1.816948	0.783578
1.000000	1.135174	-1.948635	1.254279
1.100000	0.940310	-2.062152	1.684144
1.200000	0.734095	-2.156183	2.055115
1.300000	0.518477	-2.229593	2.351132
1.400000	0.295517	-2.281440	2.558820
1.500000	0.067373	-2.310992	2.668072
1.600000	-0.163726	-2.317729	2.672531
1.700000	-0.395499	-2.301357	2.569911
1.800000	-0.625634	-2.261807	2.362176
1.900000	-0.851815	-2.199243	2.055541
2.000000	-1.071739	-2.114062	1.660316
2.100000	-1.283146	-2.006888	1.190568
2.200000	-1.483835	-1.878573	0.663636
2.300000	-1.671692	-1.730190	0.099501
2.400000	-1.844711	-1.563021	-0.479962
2.500000	-2.001013	-1.378549	-1.051827
2.600000	-2.138868	-1.178448	-1.593008
2.700000	-2.256713	-0.964561	-2.081187
2.799999	-2.353169	-0.738890	-2.495722
2.899999	-2.427058	-0.503573	-2.818512
2.999999	-2.477415	-0.260867	-3.034767
3.099999	-2.503502	-0.013126	-3.133675
3.199999	-2.504814	0.237224	-3.108910
3.299999	-2.481092	0.487706	-2.958980
3.399999	-2.432321	0.735815	-2.687382
3.499999	-2.358740	0.979047	-2.302560
3.599999	-2.260835	1.214921	-1.817671
3.699999	-2.139343	1.441005	-1.250147
3.799999	-1.995243	1.654939	-0.621085
3.899998	-1.829749	1.854463	0.045526
3.999998	-1.644302	2.037438	0.723711
4.099998	-1.440559	2.201868	1.386507
4.199998	-1.220372	2.345924	2.007026
4.299998	-0.985779	2.467961	2.559535
4.399998	-0.738983	2.566539	3.020513
4.499998	-0.482329	2.640437	3.369634
4.599998	-0.218286	2.688670	3.590650
4.699998	0.050581	2.710499	3.672123
4.799998	0.321631	2.705441	3.607982
4.899998	0.592175	2.673278	3.397871
4.999998	0.859503	2.614060	3.047283
5.099998	1.120909	2.528110	2.567451
5.199997	1.373720	2.416019	1.975021
5.299997	1.615322	2.278647	1.291484
5.399997	1.843187	2.117115	0.542419
5.499997	2.054898	1.932796	-0.243453
5.599997	2.248178	1.727306	-1.035358
5.699997	2.420909	1.502489	-1.801663
5.799997	2.571157	1.260398	-2.511124
5.899997	2.697197	1.003282	-3.134149
5.999997	2.797525	0.733562	-3.644017
6.099997	2.870882	0.453810	-4.018009
6.199996	2.916263	0.166722	-4.238396
6.299996	2.932935	-0.124905	-4.293252
6.399996	2.920444	-0.418198	-4.177052
6.499996	2.878624	-0.710242	-3.891017
6.599996	2.807600	-0.998105	-3.443203
6.699996	2.707790	-1.278865	-2.848315
6.799996	2.579903	-1.549644	-2.127253
6.899996	2.424939	-1.807634	-1.306394
6.999996	2.244175	-2.050128	-0.416649
7.099996	2.039163	-2.274546	0.507687
7.199996	1.811708	-2.478462	1.430244
7.299995	1.563862	-2.659633	2.313991
7.399995	1.297899	-2.816019	3.122711
7.499995	1.016297	-2.945809	3.822465
7.599995	0.721716	-3.047438	4.383004
7.699995	0.416972	-3.119610	4.779051
7.799995	0.105011	-3.161307	4.991418
7.899995	-0.211120	-3.171808	5.007899
7.999995	-0.528301	-3.150697	4.823894
8.099995	-0.843370	-3.097867	4.442752
8.199995	-1.153157	-3.013530	3.875795
8.299995	-1.454510	-2.898214	3.142022
8.399996	-1.744331	-2.752763	2.267506
8.499996	-2.019608	-2.578330	1.284484
8.599997	-2.277441	-2.376369	0.230197
8.699997	-2.515077	-2.148625	-0.854513
8.799997	-2.729940	-1.897117	-1.926760
8.899998	-2.919652	-1.624123	-2.943295
8.999998	-3.082064	-1.332158	-3.862236
9.099998	-3.215279	-1.023951	-4.644773
9.199999	-3.317674	-0.702423	-5.256783
9.299999	-3.387917	-0.370656	-5.670297
9.400000	-3.424982	-0.031864	-5.864744
9.500000	-3.428169	0.310634	-5.827924
9.600000	-3.397105	0.653451	-5.556664
9.700001	-3.331760	0.993162	-5.057129
9.800001	-3.232444	1.326338	-4.344762
9.900002	-3.099811	1.649582	-3.443852
10.000002	-2.934852	1.959563	-2.386735
10.100002	-2.738896	2.253048	-1.212662
10.200003	-2.513591	2.526938	0.033637
10.300003	-2.260897	2.778297	1.303639
10.400003	-1.983068	3.004387	2.546892
10.500004	-1.682629	3.202694	3.713003
10.600004	-1.362360	3.370957	4.753663
10.700005	-1.025264	3.507193	5.624617
10.800005	-0.674545	3.609719	6.287530
10.900005	-0.313573	3.677173	6.711638
11.000006	0.054145	3.708531	6.875134
11.100006	0.424998	3.703116	6.766223
11.200006	0.795309	3.660616	6.383798
11.300007	1.161371	3.581085	5.737695
11.400007	1.519480	3.464948	4.848525
11.500008	1.865974	3.313000	3.747056
11.600008	2.197274	3.126403	2.473191
11.700008	2.509915	2.906676	1.074545
11.800009	2.800582	2.655684	-0.395302
11.900009	3.066151	2.375626	-1.878842
12.000010	3.303714	2.069011	-3.316859
12.100010	3.510615	1.738639	-4.650774
12.200010	3.684479	1.387578	-5.825005
12.300011	3.823236	1.019130	-6.789255
12.400011	3.925149	0.636806	-7.500637
12.500011	3.988830	0.244291	-7.925543
12.600012	4.013259	-0.154592	-8.041174
12.700012	3.997800	-0.555917	-7.836680
12.800013	3.942208	-0.955697	-7.313823
12.900013	3.846638	-1.349918	-6.487173
13.000013	3.711646	-1.734582	-5.383772
13.100014	3.538188	-2.105747	-4.042303
13.200014	3.327614	-2.459566	-2.511775
13.300014	3.081657	-2.792327	-0.849760
13.400015	2.802424	-3.100493	0.879737
13.500015	2.492375	-3.380735	2.608719
13.600016	2.154301	-3.629973	4.267844
13.700016	1.791304	-3.845403	5.789176
13.800016	1.406764	-4.024533	7.108942
13.900017	1.004310	-4.165210	8.170166
14.000017	0.587790	-4.265641	8.925097
14.100018	0.161225	-4.324419	9.337305
14.200018	-0.271216	-4.340542	9.383372
14.300018	-0.705271	-4.313420	9.054094
14.400019	-1.136613	-4.242893	8.355127
14.500019	-1.560902	-4.129232	7.307071
14.600019	-1.973825	-3.973142	5.944934
14.700020	-2.371139	-3.775759	4.317028
14.800020	-2.748715	-3.538645	2.483288
14.900021	-3.102580	-3.263774	0.513109
15.000021	-3.428957	-2.953516	-1.517245
15.100021	-3.724308	-2.610620	-3.527568
15.200022	-3.985370	-2.238189	-5.436843
15.300022	-4.209189	-1.839652	-7.166478
15.400023	-4.393155	-1.418733	-8.643502
15.500023	-4.535028	-0.979418	-9.803610
15.600023	-4.632970	-0.525915	-10.593911
15.700024	-4.685561	-0.062618	-10.975282
15.800024	-4.691823	0.405938	-10.924209
15.900024	-4.651229	0.875120	-10.434050
16.000025	-4.563717	1.340243	-9.515632
16.100025	-4.429693	1.796615	-8.197178
16.200026	-4.250031	2.239584	-6.523514
16.300026	-4.026073	2.664587	-4.554618
16.400026	-3.759614	3.067195	-2.363508
16.500027	-3.452895	3.443156	-0.033578
16.600027	-3.108579	3.788446	2.344528
16.700027	-2.729735	4.099304	4.676420
16.800028	-2.319804	4.372277	6.867659
16.900028	-1.882576	4.604258	8.827547
17.000029	-1.422151	4.792515	10.472845
17.100029	-0.942899	4.934731	11.731254
17.200029	-0.449426	5.029020	12.544531
17.300030	0.053476	5.073963	12.871121
17.400030	0.560872	5.068615	12.688143
17.500031	1.067734	5.012528	11.992693
17.600031	1.568987	4.905755	10.802357
17.700031	2.059562	4.748857	9.154921
17.800032	2.534448	4.542900	7.107257
17.900032	2.988738	4.289455	4.733437
18.000032	3.417683	3.990582	2.122091
18.100033	3.816741	3.648813	-0.626839
18.200033	4.181623	3.267139	-3.405886
18.300034	4.508337	2.848977	-6.104217
18.400034	4.793235	2.398143	-8.612005
18.500034	5.033049	1.918820	-10.824858
18.600035	5.224931	1.415515	-12.648112
18.700035	5.366483	0.893022	-14.000825
18.800035	5.455785	0.356373	-14.819293
18.900036	5.491422	-0.189205	-15.059959
19.000036	5.472502	-0.738347	-14.701559
19.100037	5.398667	-1.285598	-13.746422
19.200037	5.270107	-1.825464	-12.220856
19.300037	5.087561	-2.352475	-10.174567
19.400038	4.852313	-2.861231	-7.679149
19.500038	4.566190	-3.346462	-4.825639
19.600039	4.231544	-3.803082	-1.721266
19.700039	3.851235	-4.226236	1.514528
19.800039	3.428612	-4.611360	4.754630
19.900040	2.967476	-4.954221	7.869195
20.000040	2.472054	-5.250968	10.730810
20.100040	1.946957	-5.498174	13.219637
20.200041	1.397140	-5.692869	15.228380
20.300041	0.827853	-5.832583	16.666842
20.400042	0.244594	-5.915368	17.465878
20.500042	-0.346943	-5.939827	17.580591
20.600042	-0.940925	-5.905133	16.992630
20.700043	-1.531439	-5.811041	15.711446
20.800043	-2.112543	-5.657897	13.774481
20.900043	-2.678332	-5.446643	11.246227
21.000044	-3.222997	-5.178810	8.216181
21.100044	-3.740878	-4.856510	4.795763
21.200045	-4.226529	-4.482422	1.114283
21.300045	-4.674771	-4.059770	-2.685876
21.400045	-5.080748	-3.592293	-6.454715
21.500046	-5.439977	-3.084218	-10.040474
21.600046	-5.748398	-2.540220	-13.295683
21.700047	-6.002420	-1.965380	-16.083166
21.800047	-6.198958	-1.365138	-18.281742
21.900047	-6.335472	-0.745242	-19.791410
22.000048	-6.409997	-0.111695	-20.537790
22.100048	-6.421166	0.529305	-20.475605
22.200048	-6.368236	1.171421	-19.591099
22.300049	-6.251093	1.808245	-17.903210
22.400049	-6.070269	2.433354	-15.463477
22.500050	-5.826934	3.040381	-12.354619
22.600050	-5.522896	3.623075	-8.687854
22.700050	-5.160588	4.175364	-4.599001
22.800051	-4.743052	4.691423	-0.243544
22.900051	-4.273910	5.165729	4.209224
23.000051	-3.757337	5.593120	8.582705
23.100052	-3.198025	5.968853	12.699924
23.200052	-2.601139	6.288656	16.390633
23.300053	-1.972274	6.548769	19.498259
23.400053	-1.317397	6.745997	21.886471
23.500053	-0.642797	6.877737	23.445036
23.600054	0.044977	6.942016	24.094782
23.700054	0.739178	6.937519	23.791389
23.800055	1.432930	6.863601	22.527863
23.900055	2.119290	6.720308	20.335573
24.000055	2.791321	6.508379	17.283762
24.100056	3.442159	6.229247	13.477531
24.200056	4.065084	5.885031	9.054344
24.300056	4.653586	5.478523	4.179173
24.400057	5.201439	5.013164	-0.961576
24.500057	5.702755	4.493020	-6.167095
24.600058	6.152058	3.922745	-11.229944
24.700058	6.544332	3.307539	-15.944235
24.800058	6.875086	2.653105	-20.113918
24.900059	7.140397	1.965597	-23.560846
25.000059	7.336957	1.251557	-26.132267
25.100060	7.462112	0.517862	-27.707470
25.200060	7.513898	-0.228350	-28.203262
25.300060	7.491064	-0.979740	-27.578072
25.400061	7.393090	-1.728846	-25.834435
25.500061	7.220205	-2.468155	-23.019789
25.600061	6.973390	-3.190176	-19.225471
25.700062	6.654372	-3.887515	-14.583950
25.800062	6.265621	-4.552952	-9.264317
25.900063	5.810326	-5.179514	-3.466260
26.000063	5.292374	-5.760547	2.587337
26.100063	4.716320	-6.289784	8.658856
26.200064	4.087341	-6.761416	14.505194
26.300064	3.411200	-7.170150	19.887386
26.400064	2.694185	-7.511270	24.580275
26.500065	1.943058	-7.780688	28.381819
26.600065	1.164989	-7.974994	31.121666
26.700066	0.367489	-8.091493	32.668602
26.800066	-0.441660	-8.128242	32.936623
26.900066	-1.254484	-8.084076	31.889277
27.000067	-2.062892	-7.958628	29.542116
27.100067	-2.858755	-7.752338	25.963137
27.200068	-3.633988	-7.466463	21.271099
27.300068	-4.380635	-7.103064	15.631779
27.400068	-5.090941	-6.665000	9.252274
27.500069	-5.757442	-6.155906	2.373524
27.600069	-6.373032	-5.580162	-4.738665
27.700069	-6.931048	-4.942859	-11.803790
27.800070	-7.425334	-4.249754	-18.537592
27.900070	-7.850310	-3.507221	-24.663385
28.000071	-8.201032	-2.722189	-29.923304
28.100071	-8.473250	-1.902086	-34.089020
28.200071	-8.663459	-1.054761	-36.971500
28.300072	-8.768935	-0.188415	-38.429363
28.400072	-8.787777	0.688478	-38.375511
28.500072	-8.718929	1.567256	-36.781719
28.600073	-8.562203	2.439149	-33.680939
28.700073	-8.318289	3.295369	-29.167236
28.800074	-7.988752	4.127198	-23.393196
28.900074	-7.576032	4.926074	-16.565031
29.000074	-7.083425	5.683677	-8.935361
29.100075	-6.515057	6.392019	-0.794029
29.200075	-5.875855	7.043525	7.542785
29.300076	-5.171503	7.631110	15.744701
29.400076	-4.408391	8.148260	23.480114
29.500076	-3.593565	8.589099	30.429453
29.600077	-2.734656	8.948456	36.298260
29.700077	-1.839810	9.221921	40.829464
29.800077	-0.917618	9.405902	43.814484
29.900078	0.022972	9.497663	45.102543
30.000078	0.972739	9.495366	44.607880
30.100079	1.922275	9.398092	42.314499
30.200079	2.862085	9.205865	38.278210
30.300079	3.782671	8.919657	32.625839
30.400080	4.674637	8.541389	25.551552
30.500080	5.528776	8.073926	17.310459
30.600080	6.336168	7.521049	8.209571
30.700081	7.088273	6.887432	-1.403450
30.800081	7.777016	6.178604	-11.153416
30.900082	8.394876	5.400903	-20.652100
31.000082	8.934967	4.561415	-29.513563
31.100082	9.391109	3.667918	-37.369648
31.200083	9.757900	2.728807	-43.885113
31.300083	10.030781	1.753017	-48.771748
31.400084	10.206082	0.749939	-51.800854
31.500084	10.281076	-0.270669	-52.813637
31.600084	10.254009	-1.298777	-51.728943
31.700085	10.124131	-2.324178	-48.548115
31.800085	9.891713	-3.336591	-43.356575
31.900085	9.558054	-4.325762	-36.322086
32.000084	9.125478	-5.281568	-27.689695
32.100082	8.597321	-6.194115	-17.773430
32.200081	7.977909	-7.053847	-6.945136
32.300079	7.272524	-7.851638	4.379307
32.400078	6.487360	-8.578891	15.755761
32.500076	5.629471	-9.227627	26.729074
32.600075	4.706708	-9.790574	36.851120
32.700073	3.727651	-10.261245	45.698879
32.800072	2.701527	-10.634010	52.891964
32.900070	1.638126	-10.904163	58.108662
33.000069	0.547709	-11.067976	61.100052
33.100067	-0.559088	-11.122746	61.701454
33.200066	-1.671363	-11.066837	59.840717
33.300064	-2.778047	-10.899701	55.542973
33.400063	-3.868017	-10.621897	48.931568
33.500061	-4.930206	-10.235095	40.225117
33.600060	-5.953716	-9.742074	29.730637
33.700058	-6.927923	-9.146703	17.833025
33.800056	-7.842594	-8.453911	4.981166
33.900055	-8.687984	-7.669652	-8.328760
34.000053	-9.454949	-6.800853	-21.572231
34.100052	-10.135035	-5.855358	-34.216854
34.200050	-10.720571	-4.841855	-45.743538
34.300049	-11.204756	-3.769797	-55.667591
34.400047	-11.581736	-2.649322	-63.558849
34.500046	-11.846668	-1.491148	-69.060013
34.600044	-11.995783	-0.306481	-71.902435
34.700043	-12.026431	0.893097	-71.918709
34.800041	-11.937121	2.095740	-69.051369
34.900040	-11.727548	3.289453	-63.357437
35.000038	-11.398602	4.462207	-55.008423
35.100037	-10.952382	5.602067	-44.285755
35.200035	-10.392176	6.697306	-31.571707
35.300034	-9.722445	7.736523	-17.336079
35.400032	-8.948793	8.708768	-2.119133
35.500031	-8.077917	9.603647	13.488647
35.600029	-7.117552	10.411439	28.869255
35.700027	-6.076408	11.123194	43.401352
35.800026	-4.964089	11.730835	56.485153
35.900024	-3.791005	12.227243	67.566879
36.000023	-2.568281	12.606344	76.161926
36.100021	-1.307647	12.863173	81.875633
36.200020	-0.021330	12.993937	84.420975
36.300018	1.278064	12.996071	83.632202
36.400017	2.577672	12.868264	79.473915
36.500015	3.864498	12.610497	72.045151
36.600014	5.125548	12.224048	61.578049
36.700012	6.347953	11.711493	48.431274
36.800011	7.519102	11.076697	33.078163
36.900009	8.626772	10.324787	16.090017
37.000008	9.659250	9.462110	-1.884799
37.100006	10.605461	8.496184	-20.145329
37.200005	11.455080	7.435638	-37.965069
37.300003	12.198644	6.290131	-54.620583
37.400002	12.827657	5.070266	-69.420586
37.500000	13.334683	3.787500	-81.734314
37.599998	13.713433	2.454032	-91.017990
37.699997	13.958837	1.082689	-96.838455
37.799995	14.067105	-0.313195	-98.892677
37.899994	14.035786	-1.719906	-97.022606
37.999992	13.863795	-3.123484	-91.224335
38.099991	13.551447	-4.509864	-81.651421
38.199989	13.100460	-5.865008	-68.611862
38.299988	12.513959	-7.175055	-52.558880
38.399986	11.796453	-8.426451	-34.075623
38.499985	10.953809	-9.606096	-13.854421
38.599983	9.993199	-10.701477	7.328789
38.699982	8.923052	-11.700797	28.643900
38.799980	7.752972	-12.593102	49.238827
38.899979	6.493662	-13.368400	68.273232
38.999977	5.156822	-14.017766	84.952477
39.099976	3.755045	-14.533448	98.560379
39.199974	2.301700	-14.908953	108.489525
39.299973	0.810805	-15.139123	114.267822
39.399971	-0.703107	-15.220203	115.580116
39.499969	-2.225128	-15.149893	112.284027
39.599968	-3.740117	-14.927380	104.419090
39.699966	-5.232855	-14.553368	92.208870
39.799965	-6.688191	-14.030082	76.055641
39.899963	-8.091200	-13.361262	56.527908
39.999962	-9.427326	-12.552142	34.340897
40.099960	-10.682541	-11.609409	10.330853
40.199959	-11.843482	-10.541155	-14.576060
40.299957	-12.897597	-9.356807	-39.399094
40.399956	-13.833278	-8.067047	-63.141163
40.499954	-14.639982	-6.683719	-84.828491
40.599953	-15.308354	-5.219721	-103.550117
40.699951	-15.830326	-3.688885	-118.495674
40.799950	-16.199215	-2.105853	-128.989975
40.899948	-16.409800	-0.485931	-134.522690
40.999947	-16.458393	1.155049	-134.772278
41.099945	-16.342888	2.800888	-129.622498
41.199944	-16.062799	4.435177	-119.171364
41.299942	-15.619282	6.041457	-103.731384
41.399940	-15.015136	7.603385	-83.821419
41.499939	-14.254797	9.104898	-60.150032
41.599937	-13.344307	10.530378	-33.590832
41.699936	-12.291269	11.864809	-5.150804
41.799934	-11.104789	13.093936	24.067413
41.899933	-9.795395	14.204414	52.907814
41.999931	-8.374953	15.183954	80.206314
42.099930	-6.856558	16.021450	104.837234
42.199928	-5.254413	16.707106	125.759262
42.299927	-3.583702	17.232548	142.058884
42.399925	-1.860447	17.590918	152.989563
42.499924	-0.101356	17.776962	158.005051
42.599922	1.676341	17.787098	156.785370
42.699921	3.455050	17.619463	149.254044
42.799919	5.216997	17.273958	135.586288
42.899918	6.944393	16.752258	116.206787
42.999916	8.619618	16.057819	91.777870
43.099915	10.225400	15.195858	63.177647
43.199913	11.744986	14.173318	31.469128
43.299911	13.162317	12.998819	-2.138646
43.399910	14.462199	11.682588	-36.336178
43.499908	15.630458	10.236368	-69.763992
43.599907	16.654095	8.673323	-101.066170
43.699905	17.521427	7.007913	-128.944778
43.799904	18.222218	5.255770	-152.213043
43.899902	18.747795	3.433548	-169.845276
43.999901	19.091150	1.558769	-181.021133
44.099899	19.247026	-0.350346	-185.162643
44.199898	19.211992	-2.275049	-181.962402
44.299896	18.984488	-4.196248	-171.401138
44.399895	18.564863	-6.094697	-153.754410
44.499893	17.955393	-7.951183	-129.587402
44.599892	17.160275	-9.746722	-99.738213
44.699890	16.185602	-11.462749	-65.289543
44.799889	15.039328	-13.081309	-27.530361
44.899887	13.731196	-14.585242	12.091768
44.999886	12.272673	-15.958362	52.025406
45.099884	10.676836	-17.185629	90.675507
45.199883	8.958273	-18.253313	126.466393
45.299881	7.132942	-19.149139	157.905334
45.399879	5.218028	-19.862434	183.644241
45.499878	3.231784	-20.384237	202.536346
45.599876	1.193360	-20.707417	213.686493
45.699875	-0.877381	-20.826752	216.491898
45.799873	-2.960057	-20.739014	210.672379
45.899872	-5.033958	-20.443008	196.287933
45.999870	-7.078259	-19.939613	173.743225
46.099869	-9.072220	-19.231787	143.778229
46.199867	-10.995399	-18.324564	107.445427
46.299866	-12.827855	-17.225023	66.073776
46.399864	-14.550358	-15.942238	21.221018
46.499863	-16.144581	-14.487202	-25.384239
46.599861	-17.593302	-12.872744	-71.908371
46.699860	-18.880577	-11.113414	-116.484116
46.799858	-19.991919	-9.225356	-157.284805
46.899857	-20.914454	-7.226164	-192.598450
46.999855	-21.637070	-5.134719	-220.898727
47.099854	-22.150541	-2.971012	-240.909790
47.199852	-22.447643	-0.755958	-251.662613
47.299850	-22.523239	1.488807	-252.539871
47.399849	-22.374359	3.741131	-243.307938
47.499847	-22.000246	5.978567	-224.133789
47.599846	-21.402390	8.178591	-195.586472
47.699844	-20.584530	10.318830	-158.622314
47.799843	-19.552647	12.377283	-114.554428
47.899841	-18.314919	14.332548	-65.007149
47.999840	-16.881664	16.164040	-11.857206
48.099838	-15.265261	17.852205	42.836525
48.199837	-13.480041	19.378731	96.911858
48.299835	-11.542168	20.726734	148.187943
48.399834	-9.469494	21.880951	194.552353
48.499832	-7.281399	22.827900	234.047119
48.599831	-4.998609	23.556040	264.950470
48.699829	-2.643005	24.055901	285.850433
48.799828	-0.237415	24.320202	295.707916
48.899826	2.194606	24.343943	293.905640
48.999825	4.629000	24.124481	280.281464
49.099823	7.041448	23.661581	255.144211
49.199821	9.407606	22.957436	219.270401
49.299820	11.703350	22.016674	173.882767
49.399818	13.905018	20.846338	120.610146
49.499817	15.989652	19.455837	61.430321
49.599815	17.935236	17.856873	-1.402396
49.699814	19.720922	16.063349	-65.441803
49.799812	21.327257	14.091256	-128.144196
49.899811	22.736383	11.958530	-186.968338
49.999809	23.932236	9.684892	-239.477386
